timestamp,cotovelo_direito,cotovelo_esquerdo,joelho_direito,joelho_esquerdo,ombro_direito,ombro_esquerdo,quadril_direito,quadril_esquerdo,tornozelo_direito,tornozelo_esquerdo
172.47587323188782,159.74450077146125,148.2285015962276,173.14103350874288,172.55266954049208,22.5734883262483,24.61082276593919,173.1321323606938,171.4804557853644,140.04756277634792,179.47652885979747
172.83477067947388,158.61462375312286,75.03605080634522,173.35284845147558,175.81686886908278,9.130741151455558,27.959350801150734,171.38456109548312,174.6724304270418,146.93191915963178,172.40087106762334
173.18788957595825,74.63445687523232,83.11229169037976,172.80894212343793,176.83685477503516,23.172445342212058,19.36984891706674,173.60858958305414,171.9941873569761,146.22755268021913,172.11933280593638
178.31928300857544,155.32724889858451,139.94745868302,163.26042567416064,176.27400542246332,18.6992145041212,23.18191253655054,170.4342263981147,171.4978491199152,130.81486092967208,173.43697290000742
178.8531470298767,92.23285662281972,105.4136480876992,166.8936511345312,176.69783605321018,22.759704857272553,19.878931315403733,173.27816700736787,171.7437365385638,149.16398879891568,178.45545814817464
179.20147275924683,145.12259632913876,86.1475756231975,170.44503798469015,177.11968884711013,14.853223260851152,17.681506558888337,170.70199606122557,172.50557411752644,152.0932045412836,177.80442025118734
179.5497498512268,179.484587625318,99.16020444887039,172.6619496992397,176.3768277925972,22.05529076381575,22.163611872614283,172.65453900548545,171.2900572017556,154.23129990970844,165.4960582015226
179.9079465866089,140.921185276378,130.29061555880497,170.94437387185926,179.08336875223375,23.37667845165953,20.201984295479793,174.67837898705992,170.46686459208271,152.59172738202744,164.94250811231777
180.2588574886322,168.15572140521962,64.22709453223639,172.14257182162987,179.00062031627849,19.70819568200548,25.439230070449344,174.74168882353612,171.451216272512,150.47684626820802,179.2570728918186
180.6055371761322,63.2926511972861,92.54124360898444,172.2024033848895,177.98596268367154,23.584797866985085,17.94240705826625,175.19279425346147,171.1228689249317,151.7878672447097,177.57713806185313
180.9636528491974,156.67873072856068,96.76620578207874,176.49757979523307,174.32089851168763,25.063392264805813,16.776905588427944,174.3019046354744,170.39565986507642,165.22053907111143,178.20731096893977
181.31231689453125,144.34609699791486,136.20923899944083,166.14620607267452,179.06855677969304,23.44991679980286,20.49026007348921,174.76939542567717,166.97078245022126,162.50954148559566,179.60203716976474
181.65988683700562,179.47702108692837,127.67071733277608,161.67379357567344,178.51438112774014,17.52024354153996,17.90891527200814,171.80298748785512,169.14035222919898,137.69620846851726,164.74942104566327
182.00593900680542,155.1777067776762,79.55273047869073,164.9835473646006,178.73794381511857,16.441773364847734,22.394620390741068,170.01495367595325,172.11085034293663,146.57574070374795,168.19079897509818
182.35886096954346,66.29928284597969,91.45048497560457,170.01755547831146,176.6766662969612,26.16606098441078,19.203926045247783,174.5388788239954,172.06421813732408,154.61667801464802,174.84910482372902
182.732342004776,123.882843381792,70.88113658217549,175.97662405895485,178.64385066374,21.816884689820128,22.965939020413092,172.81789277535484,171.6814575590243,153.88212377844354,178.88348679718467
183.0807330608368,111.5924157241222,78.97604406345636,173.8867078415084,175.63422319630823,20.57605528121095,19.10716805143924,176.089761008941,171.32377936633907,153.85124225858291,171.43050564550984
183.43073201179504,123.33538379219964,81.26148772411366,176.6012805934952,173.12815251908518,13.0748026560791,16.34960739953412,174.03281076669847,171.72956825958892,162.11048659977195,176.05078871339668
183.7934501171112,165.17378916330355,131.88859332801934,174.36543343874607,173.23099980865678,19.166650397567818,21.38147123677855,172.7904724240565,173.02314802962147,157.18786295947143,143.3176711954613
184.13912677764893,176.76706161013573,135.05520376402472,170.4708501908509,177.51850798583558,19.93291565296047,20.992750829786935,172.3425933659087,173.18943586003178,148.5780784451819,177.38639896189474
184.48599886894226,139.36625522112718,68.05372751471964,176.00386958978447,179.13535969442424,15.424092323167798,26.757151599679553,173.859174712698,175.66227889947814,151.81979364167816,177.20239584943775
184.8413803577423,69.53449870003848,89.38068060011737,174.37357613109944,178.47276340926524,20.269489890375237,15.68399672754171,174.5208474790654,174.25717979643457,154.35218254355286,177.8897157512826
185.19166564941406,82.16576472611658,83.95718004669726,177.33012195205626,173.82424560483386,17.948907937355003,15.569295664593641,175.37603972530775,171.90149277788328,153.135228260061,175.95888229560148
185.53814005851746,156.19035659350428,178.78293669839914,170.61073594667917,178.00590108882844,23.109373815112928,17.407748514944775,174.2823533815272,169.76740965511874,145.3282789808877,174.30884124280985
185.88456010818481,162.8987514121965,179.7823482415237,167.76371089659762,179.67125180327042,23.492618718612338,20.948541402185665,176.29583155956416,169.42759125361687,159.02896701476055,172.09262677115393
186.22970461845398,176.45637967785996,153.28347566560612,171.80075418924113,179.43529358687482,20.551455235497126,23.5742359713306,170.2120985664384,170.69360777032182,162.48386114242626,173.1720319146369
186.57688641548157,170.24004387152536,174.39703974540873,174.36524222725117,178.4394753018478,17.477010562185274,22.010314390717323,175.1857497896512,171.17242912988823,158.2662470693555,171.26282922670265
186.9407320022583,160.05830244960532,178.30217732825164,167.66782737624465,176.89252734219025,24.042809144270795,18.364385451572538,175.12935012057127,170.30954276557986,148.44423358098646,166.7138664731684
187.31821608543396,177.9572284843698,161.99938312947887,172.75745178452473,179.27802683408936,15.86045507541407,25.66073798666395,173.08798667670658,172.90594865661177,154.4319285279443,169.15831861073514
187.71129775047302,166.21024990428515,177.99672161943582,170.5853823647854,178.61829776255564,22.096612116404454,17.289054434946156,173.37679486337763,171.0062096884725,162.37617336724932,174.38646335189685
